17

H -1.556253433 0.083953112 0.384525359
C -0.493669838 0.226946354 0.133441955
H 1.176037192 -1.169944167 0.489932060
H 0.783928335 0.107190259 -1.564791679
H -0.177885354 -1.379884005 1.641366005
N 1.155709147 2.606253147 2.068323135
C -0.804031789 -1.347729921 -1.851334214
H -0.279428452 -2.175786734 -1.350460052
H 1.809048891 2.382469654 2.807052612
H -0.781819761 0.816912591 -1.878721833
C 0.714482903 1.559823751 1.561885238
H -1.869568706 -1.447316885 -1.655664444
O -0.138624102 1.547350168 0.489078969
H -0.636582136 -1.457957983 -2.921319485
O 0.987998903 0.277447313 1.937214136
C 0.393610477 -0.640132725 1.054115891
C -0.282952398 0.010405289 -1.344642639
