19

H -3.279436350 1.073967814 -0.284823596
H 1.569905400 -1.021782875 -1.926973820
C -2.751199007 0.689420342 0.573044062
H -3.195575237 -0.258033067 0.889434457
H 1.056094289 2.168783903 0.662489414
H 2.276025772 -2.142279625 0.079231456
C 1.250419617 -2.053498030 0.413825601
H -2.848177671 1.421649694 1.376051545
C 0.585215032 -0.821208954 -0.137421295
H 0.897481501 2.425282240 -1.077329159
H 1.229896426 -2.036213160 1.501876950
C 0.682023942 1.723422408 -0.260455787
O -0.741182625 1.621437907 -0.183146879
N 0.832747877 -0.441357285 -1.534097195
N -0.753660262 -0.672417700 0.331962675
C 1.361794114 0.398414403 -0.468903333
H 2.433698416 0.409674376 -0.289146125
C -1.308424711 0.462596714 0.239001408
H 0.702354491 -2.947859287 0.095379427
