19

C 0.191967309 -0.026803719 1.981635094
C 0.872555614 -0.495212406 -0.421047658
C -0.134520784 0.189532340 0.505805552
H 0.219212040 -1.108827353 2.186358213
H -0.806710064 1.748364687 2.747775793
H -1.289782524 -0.361857563 -4.395872116
H -1.132433772 -0.193415031 0.288856894
H -0.536092699 0.475369632 3.960798502
N -0.708731532 -0.580192626 -2.368090868
O 0.690268815 0.058242202 -3.929344416
H -1.815544963 0.294754982 2.746685982
H -0.147897586 1.262312293 0.287829310
H 1.213508844 0.333637118 2.184704304
C 0.537046731 -0.331036210 -1.857592821
N 1.414263844 0.054666527 -2.760094643
H 0.911557317 -1.563230872 -0.200995535
C -0.801978528 0.656052887 2.919320107
C -0.555980027 -0.317314148 -3.613580465
H 1.879291773 -0.095042877 -0.263151765
