16

H 2.591907024 -0.182869196 0.207735747
C 0.637811422 -1.203769207 -0.509027719
C -0.693722486 -1.208914995 0.218603089
H 0.789395928 1.641651750 1.439779997
H 1.089871049 -2.104817390 -0.888878286
N -2.837167501 1.256057978 1.744426489
H -0.646004915 -1.786002994 1.147933841
C 0.794780493 0.080361411 -1.305518985
C -1.932467341 0.831103206 1.191568136
H 1.178152323 0.123290151 -2.317891836
C 0.570939779 0.907258868 0.670500219
H -0.606038451 1.965752840 -1.073169589
C -0.809228897 0.277935177 0.487169027
H -1.507710695 -1.584753752 -0.399611056
C 1.536663055 -0.094565980 0.017364569
C -0.157180816 1.082282782 -0.630983710
