18

C 0.942408442 0.138349518 -0.699569046
H 1.725671649 0.339517534 1.270211816
H 1.647659659 1.853422165 0.398727775
H 0.783719420 -1.838668585 0.391005635
H 1.427397013 -1.961899042 -1.258132577
O -1.843645215 -0.470055997 1.857643247
N -0.396278560 0.303861350 -1.419401407
H -0.171146885 1.411728144 2.319013834
H -0.657774687 2.134512663 0.787059009
H -1.093740463 -1.791745901 -1.974589705
C 1.104563713 0.924113870 0.590326726
H -2.420410395 -0.034430400 -0.818780184
C -1.419744611 -0.185364977 -0.462084800
C 0.755797744 -1.393641353 -0.611536622
C -1.241587758 0.117371447 1.004573822
C -0.253127724 1.232332349 1.252415180
H 1.725970030 0.404083878 -1.415199399
C -0.615731061 -1.183485866 -1.211683393
