17

H 0.353931874 -1.893565059 -0.860141516
H 1.645393491 1.712976933 -0.696266532
C -1.083858371 -1.148016453 0.555605948
O -1.032709479 0.322005600 -1.934755564
H 2.180731773 -0.263067544 0.634687662
C 0.829898059 0.984882295 -0.602673769
C 1.151352286 -0.188404948 0.314686924
C 0.051305138 0.837708712 -1.848391175
H -1.932935476 0.825319827 0.379779458
O -1.978291869 -1.940528989 0.612632573
H 0.584015608 1.632206202 1.486841798
H 0.536537766 1.275349379 -2.752888203
C -1.166790485 0.334659100 0.961710870
H -1.482116818 0.381511033 2.009396791
C 0.231277257 0.883659482 0.797243357
H 0.751741827 -2.268590212 0.798931897
C 0.360517472 -1.488105416 0.143599823
