15

H -0.454671353 -1.928196311 0.915990889
N 2.779667377 1.587406397 -1.150712252
H -1.811965227 -0.906421900 -0.960113883
C -0.432982057 -0.950096488 1.346612334
N -0.204432338 2.479317427 1.280518532
H 1.420995474 -1.180745959 -0.529490888
C -1.119857073 -0.053241070 -1.016575456
C 1.951596618 0.791346610 -0.977387786
C -0.199079067 1.437720418 0.817410529
H -1.656152010 0.844284654 -1.328209639
H 0.378071457 -0.889132500 2.082560301
C -0.228048533 0.099514902 0.254241407
C 0.942614436 -0.221355617 -0.757528663
O 0.012023822 -0.339612573 -1.838379383
H -1.377781510 -0.770787954 1.861064553
