18

H -2.213885784 0.547413349 -0.202082083
H -0.808777273 -1.902121782 0.641703904
C 1.085102797 0.173256397 0.683840930
H -0.194009930 -2.752405882 -0.825341344
C -0.485339701 -0.551218629 -1.099952579
H 0.805375516 -1.146126270 2.090189457
C -0.284730822 -1.815953016 -0.294002086
O 1.420710802 -0.425886929 1.914745927
H 1.938888907 0.808020949 0.448445976
C 0.839996040 -0.821997344 -0.462838709
H -1.080501795 2.790588617 -0.235740453
H -0.555341482 1.292206645 1.727182508
H -0.636108875 -0.642572761 -2.167739391
C -1.152916551 0.570987225 -0.351970881
H 1.694008946 -1.112073779 -1.047289133
C -0.474784166 1.923751473 -0.417182297
C -0.201508835 0.996469140 0.745180249
H 0.303822398 2.067662954 -1.147150040
