17

C 0.587476492 0.519282043 -1.088073730
H 1.819879174 -3.990584373 -0.685385883
O -1.226392627 2.012528419 0.822117746
C 0.482520163 -0.604076028 -0.085568130
H -2.057666779 0.139907226 1.079617858
H -0.067350157 -0.743457913 2.045281887
H -1.995508671 2.337697983 0.360556513
C 1.005609512 -1.910836220 -0.308649689
H -1.495662093 -0.342763543 -1.411438465
C -1.145993829 0.600790381 0.670022011
C 0.139095813 0.003747496 1.291228771
C 1.441039920 -3.014627934 -0.510739982
H 0.914566576 0.174938112 -2.059095621
O 1.098903537 1.769900680 -0.783141255
H 0.422186166 2.250116348 -0.290819913
C -0.785505533 0.073086634 -0.705449343
H 0.862802148 0.724350214 1.659537435
